#data_name
No004_Primitive_Monclinic_Te
#material_num
1
#lattice_type
primitive_monoclinic
#lattice_constant
4.760000 3.104000 7.513000 1.523498 0.0 0.0 
#sphere_num
4
#sphere_centers
0.480000 0.250000 0.230000 0.520000 0.750000 0.770000 0.020000 0.480000 0.000000 0.980000 0.520000 0.500000 
#sphere_radius
0.100000 0.100000 0.100000 0.100000 
#cylinder_num
4
#cylinder_top_centers
0.480000 0.250000 0.230000 0.980000 0.520000 0.500000 0.520000 0.750000 0.770000 0.020000 0.480000 1.000000 
#cylinder_bot_centers
0.020000 0.480000 0.000000 0.480000 0.250000 0.230000 0.980000 0.520000 0.500000 0.520000 0.750000 0.770000 
#cylinder_radius
0.100000 0.100000 0.100000 0.100000 
