#data_name
No012_BCM_AuTe2
#material_num
2
#lattice_type
base_centered_monoclinic
#lattice_constant
7.189000 5.069000 4.407000 0.0 0.0 1.571494 
#sphere_num
1
2
#sphere_centers
0.000000 0.000000 0.000000 
0.687900 0.288900 0.687900 0.312100 0.711100 0.312100 
#sphere_radius
0.100000 
0.100000 0.100000 
#cylinder_num
6
6
#cylinder_top_centers
0.156050 0.855550 0.156050 0.843950 0.144450 0.843950 0.843950 0.644450 0.843950 0.156050 0.855550 0.656050 0.156050 0.355550 0.156050 0.843950 0.144450 0.343950 
0.156050 0.855550 0.156050 0.843950 0.144450 0.843950 0.843950 0.644450 0.843950 0.156050 0.855550 0.656050 0.156050 0.355550 0.156050 0.843950 0.144450 0.343950 
#cylinder_bot_centers
0.000000 1.000000 0.000000 1.000000 0.000000 1.000000 1.000000 1.000000 1.000000 0.000000 1.000000 1.000000 0.000000 0.000000 0.000000 1.000000 0.000000 0.000000 
0.312100 0.711100 0.312100 0.687900 0.288900 0.687900 0.687900 0.288900 0.687900 0.312100 0.711100 0.312100 0.312100 0.711100 0.312100 0.687900 0.288900 0.687900 
#cylinder_radius
0.100000 0.100000 0.100000 0.100000 0.100000 0.100000 
0.100000 0.100000 0.100000 0.100000 0.100000 0.100000 
