#data_name
No025_Primitive_Orthorhombic_CdTe
#material_num
2
#lattice_type
primitive_orthorhombic
#lattice_constant
2.810200 5.258000 3.026500 0.0 0.0 0.0 
#sphere_num
1
1
#sphere_centers
0.000000 0.500000 0.250000 
0.000000 0.000000 0.000000 
#sphere_radius
0.100000 
0.100000 
#cylinder_num
4
8
#cylinder_top_centers
0.000000 0.250000 0.125000 0.000000 0.750000 0.125000 0.000000 0.250000 0.625000 0.000000 0.750000 0.625000 
0.000000 0.250000 0.125000 0.000000 0.750000 0.125000 0.000000 0.250000 0.625000 0.000000 0.750000 0.625000 1.000000 0.000000 0.000000 1.000000 1.000000 0.000000 1.000000 0.000000 1.000000 1.000000 1.000000 1.000000 
#cylinder_bot_centers
0.000000 0.500000 0.250000 0.000000 0.500000 0.250000 0.000000 0.500000 0.250000 0.000000 0.500000 0.250000 
0.000000 0.000000 0.000000 0.000000 1.000000 0.000000 0.000000 0.000000 1.000000 0.000000 1.000000 1.000000 0.000000 0.000000 0.000000 0.000000 1.000000 0.000000 0.000000 0.000000 1.000000 0.000000 1.000000 1.000000 
#cylinder_radius
0.100000 0.100000 0.100000 0.100000 
0.100000 0.100000 0.100000 0.100000 0.100000 0.100000 0.100000 0.100000 
