#data_name
No038_ABCO_C2CeNi
#material_num
3
#lattice_type
a_base_centered_orthorhombic
#lattice_constant
3.875000 4.552000 6.162000 0.0 0.0 0.0 
#sphere_num
1
1
2
#sphere_centers
0.000000 -0.000000 0.000000 
0.500000 0.385600 0.614400 
0.500000 0.863600 0.446400 0.500000 0.553600 0.136400 
#sphere_radius
0.100000 
0.100000 
0.100000 0.100000 
#cylinder_num
8
4
14
#cylinder_top_centers
0.250000 0.931800 0.223200 0.250000 0.931800 0.723200 0.750000 0.931800 0.223200 0.750000 0.931800 0.723200 0.250000 0.276800 0.068200 0.750000 0.276800 0.068200 0.250000 0.776800 0.068200 0.750000 0.776800 0.068200 
0.500000 0.124600 0.530400 0.500000 0.469600 0.875400 0.500000 0.624600 0.530400 0.500000 0.469600 0.375400 
0.500000 0.624600 0.530400 0.500000 0.469600 0.375400 0.500000 0.708600 0.291400 0.500000 0.708600 0.291400 0.500000 0.124600 0.530400 0.500000 0.469600 0.875400 0.250000 0.931800 0.223200 0.250000 0.931800 0.723200 0.750000 0.931800 0.223200 0.750000 0.931800 0.723200 0.250000 0.276800 0.068200 0.750000 0.276800 0.068200 0.250000 0.776800 0.068200 0.750000 0.776800 0.068200 
#cylinder_bot_centers
0.000000 1.000000 0.000000 0.000000 1.000000 1.000000 1.000000 1.000000 0.000000 1.000000 1.000000 1.000000 0.000000 -0.000000 0.000000 1.000000 0.000000 0.000000 0.000000 1.000000 0.000000 1.000000 1.000000 0.000000 
0.500000 0.385600 0.614400 0.500000 0.385600 0.614400 0.500000 0.385600 0.614400 0.500000 0.385600 0.614400 
0.500000 0.863600 0.446400 0.500000 0.553600 0.136400 0.500000 0.863600 0.446400 0.500000 0.553600 0.136400 0.500000 -0.136400 0.446400 0.500000 0.553600 1.136400 0.500000 0.863600 0.446400 0.500000 0.863600 0.446400 0.500000 0.863600 0.446400 0.500000 0.863600 0.446400 0.500000 0.553600 0.136400 0.500000 0.553600 0.136400 0.500000 0.553600 0.136400 0.500000 0.553600 0.136400 
#cylinder_radius
0.100000 0.100000 0.100000 0.100000 0.100000 0.100000 0.100000 0.100000 
0.100000 0.100000 0.100000 0.100000 
0.100000 0.100000 0.100000 0.100000 0.100000 0.100000 0.100000 0.100000 0.100000 0.100000 0.100000 0.100000 0.100000 0.100000 
