#data_name
No063_CBCO_ZrSi2
#material_num
2
#lattice_type
c_base_centered_orthorhombic
#lattice_constant
3.730000 14.720000 3.670000 0.0 0.0 0.0 
#sphere_num
4
2
#sphere_centers
0.939000 0.061000 0.250000 0.061000 0.939000 0.750000 0.250000 0.750000 0.250000 0.750000 0.250000 0.750000 
0.604000 0.396000 0.250000 0.396000 0.604000 0.750000 
#sphere_radius
0.100000 0.100000 0.100000 0.100000 
0.100000 0.100000 
#cylinder_num
16
14
#cylinder_top_centers
0.167500 0.332500 0.500000 0.667500 0.832500 0.500000 0.073000 0.427000 0.750000 0.573000 0.927000 0.750000 0.323000 0.677000 0.500000 0.332500 0.167500 0.500000 0.832500 0.667500 0.500000 0.677000 0.323000 0.500000 1.000000 0.000000 0.500000 0.000000 1.000000 0.500000 0.228500 0.271500 0.750000 0.728500 0.771500 0.750000 0.427000 0.073000 0.250000 0.927000 0.573000 0.250000 0.771500 0.728500 0.250000 0.271500 0.228500 0.250000 
0.167500 0.332500 0.500000 0.667500 0.832500 0.500000 0.073000 0.427000 0.750000 0.573000 0.927000 0.750000 0.323000 0.677000 0.500000 0.332500 0.167500 0.500000 0.832500 0.667500 0.500000 0.677000 0.323000 0.500000 0.228500 0.271500 0.750000 0.728500 0.771500 0.750000 0.427000 0.073000 0.250000 0.927000 0.573000 0.250000 0.771500 0.728500 0.250000 0.271500 0.228500 0.250000 
#cylinder_bot_centers
-0.061000 0.061000 0.250000 0.939000 1.061000 0.250000 -0.250000 0.250000 0.750000 0.750000 1.250000 0.750000 0.250000 0.750000 0.250000 0.061000 -0.061000 0.750000 1.061000 0.939000 0.750000 0.750000 0.250000 0.750000 0.939000 0.061000 0.250000 0.061000 0.939000 0.750000 0.061000 -0.061000 0.750000 1.061000 0.939000 0.750000 0.250000 -0.250000 0.250000 1.250000 0.750000 0.250000 0.939000 1.061000 0.250000 -0.061000 0.061000 0.250000 
0.396000 0.604000 0.750000 0.396000 0.604000 0.750000 0.396000 0.604000 0.750000 0.396000 0.604000 0.750000 0.396000 0.604000 0.750000 0.604000 0.396000 0.250000 0.604000 0.396000 0.250000 0.604000 0.396000 0.250000 0.396000 0.604000 0.750000 0.396000 0.604000 0.750000 0.604000 0.396000 0.250000 0.604000 0.396000 0.250000 0.604000 0.396000 0.250000 0.604000 0.396000 0.250000 
#cylinder_radius
0.100000 0.100000 0.100000 0.100000 0.100000 0.100000 0.100000 0.100000 0.100000 0.100000 0.100000 0.100000 0.100000 0.100000 0.100000 0.100000 
0.100000 0.100000 0.100000 0.100000 0.100000 0.100000 0.100000 0.100000 0.100000 0.100000 0.100000 0.100000 0.100000 0.100000 
