#data_name
No070_FCO_TiSi2
#material_num
2
#lattice_type
face_centered_orthorhombic
#lattice_constant
8.267100 4.800000 8.550500 0.0 0.0 0.0 
#sphere_num
2
4
#sphere_centers
0.125000 0.125000 0.125000 0.875000 0.875000 0.875000 
0.788500 0.461500 0.461500 0.461500 0.788500 0.788500 0.211500 0.538500 0.538500 0.538500 0.211500 0.211500 
#sphere_radius
0.100000 0.100000 
0.100000 0.100000 0.100000 0.100000 
#cylinder_num
20
40
#cylinder_top_centers
0.293250 0.456750 0.956750 0.793250 0.956750 0.456750 0.956750 0.793250 0.293250 0.331750 0.168250 0.168250 0.668250 0.831750 0.831750 -0.043250 0.293250 0.293250 1.043250 0.706750 0.706750 0.293250 -0.043250 -0.043250 0.168250 0.831750 0.331750 0.831750 0.668250 0.168250 0.168250 0.331750 0.831750 0.706750 1.043250 1.043250 0.456750 0.293250 0.793250 0.831750 0.168250 0.668250 0.206750 0.043250 0.543250 0.043250 0.206750 0.706750 0.831750 0.168250 0.168250 0.168250 0.831750 0.831750 0.543250 0.706750 0.206750 0.706750 0.543250 0.043250 
0.956750 0.793250 0.293250 0.956750 0.293250 0.293250 0.625000 0.625000 0.625000 0.625000 0.625000 0.625000 0.293250 0.456750 0.956750 0.793250 0.956750 0.456750 0.125000 0.625000 1.125000 1.125000 0.625000 0.125000 0.331750 0.168250 0.168250 0.668250 0.831750 0.831750 0.043250 0.706750 0.706750 0.293250 0.956750 0.956750 0.500000 0.000000 0.500000 0.500000 1.000000 0.500000 0.875000 0.375000 -0.125000 -0.125000 0.375000 0.875000 0.375000 0.375000 0.375000 0.375000 0.375000 0.375000 0.875000 -0.125000 -0.125000 0.206750 0.043250 0.543250 0.168250 0.831750 0.331750 0.500000 0.500000 0.000000 0.500000 0.500000 1.000000 0.831750 0.668250 0.168250 0.168250 0.331750 0.831750 0.456750 0.293250 0.793250 0.831750 0.168250 0.668250 0.043250 0.206750 0.706750 0.625000 0.125000 0.625000 0.625000 0.125000 0.625000 0.831750 0.168250 0.168250 0.168250 0.831750 0.831750 0.500000 0.500000 0.500000 0.500000 0.500000 0.500000 0.000000 0.500000 0.500000 0.000000 0.500000 0.500000 0.543250 0.706750 0.206750 0.706750 0.543250 0.043250 0.375000 0.875000 0.375000 0.375000 -0.125000 0.375000 
#cylinder_bot_centers
0.125000 0.125000 1.125000 1.125000 1.125000 0.125000 1.125000 1.125000 0.125000 0.125000 0.125000 0.125000 0.875000 0.875000 0.875000 0.125000 0.125000 0.125000 0.875000 0.875000 0.875000 0.125000 0.125000 0.125000 0.125000 1.125000 0.125000 0.875000 0.875000 -0.125000 0.125000 0.125000 1.125000 0.875000 0.875000 0.875000 0.125000 0.125000 1.125000 0.875000 -0.125000 0.875000 -0.125000 -0.125000 0.875000 -0.125000 -0.125000 0.875000 1.125000 0.125000 0.125000 -0.125000 0.875000 0.875000 0.875000 0.875000 -0.125000 0.875000 0.875000 -0.125000 
0.788500 0.461500 0.461500 0.788500 0.461500 0.461500 0.788500 0.461500 0.461500 0.461500 0.788500 0.788500 0.461500 0.788500 0.788500 0.461500 0.788500 0.788500 0.461500 0.788500 0.788500 0.788500 0.461500 0.461500 0.538500 0.211500 0.211500 0.461500 0.788500 0.788500 0.211500 0.538500 0.538500 0.461500 0.788500 0.788500 0.538500 0.211500 0.211500 0.461500 0.788500 0.788500 0.538500 0.211500 0.211500 0.211500 0.538500 0.538500 0.538500 0.211500 0.211500 0.211500 0.538500 0.538500 0.538500 0.211500 0.211500 0.538500 0.211500 0.211500 0.211500 0.538500 0.538500 0.538500 0.211500 0.211500 0.461500 0.788500 0.788500 0.788500 0.461500 0.461500 0.211500 0.538500 0.538500 0.788500 0.461500 0.461500 0.788500 0.461500 0.461500 0.211500 0.538500 0.538500 0.788500 0.461500 0.461500 0.461500 -0.211500 0.788500 0.538500 0.211500 0.211500 0.461500 0.788500 0.788500 0.788500 0.461500 0.461500 0.211500 0.538500 0.538500 0.211500 0.538500 0.538500 -0.211500 0.461500 0.461500 0.211500 0.538500 0.538500 0.538500 0.211500 0.211500 0.211500 0.538500 0.538500 0.538500 0.211500 0.211500 
#cylinder_radius
0.100000 0.100000 0.100000 0.100000 0.100000 0.100000 0.100000 0.100000 0.100000 0.100000 0.100000 0.100000 0.100000 0.100000 0.100000 0.100000 0.100000 0.100000 0.100000 0.100000 
0.100000 0.100000 0.100000 0.100000 0.100000 0.100000 0.100000 0.100000 0.100000 0.100000 0.100000 0.100000 0.100000 0.100000 0.100000 0.100000 0.100000 0.100000 0.100000 0.100000 0.100000 0.100000 0.100000 0.100000 0.100000 0.100000 0.100000 0.100000 0.100000 0.100000 0.100000 0.100000 0.100000 0.100000 0.100000 0.100000 0.100000 0.100000 0.100000 0.100000 
