#data_name
No071_BCO_ReSi2
#material_num
2
#lattice_type
body_centered_orthorhombic
#lattice_constant
3.144000 3.128000 7.677000 0.0 0.0 0.0 
#sphere_num
1
2
#sphere_centers
0.000000 0.000000 0.000000 
0.339000 0.339000 0.000000 0.661000 0.661000 0.000000 
#sphere_radius
0.100000 
0.100000 0.100000 
#cylinder_num
10
10
#cylinder_top_centers
0.169500 0.169500 0.000000 0.169500 0.169500 0.500000 0.330500 0.330500 0.500000 0.830500 0.830500 1.000000 0.669500 0.669500 0.500000 0.830500 0.830500 0.500000 0.169500 0.669500 1.000000 0.330500 0.830500 1.000000 0.669500 0.169500 0.000000 0.830500 0.330500 0.000000 
0.169500 0.169500 0.000000 0.169500 0.169500 0.500000 0.330500 0.330500 0.500000 0.830500 0.830500 1.000000 0.669500 0.669500 0.500000 0.830500 0.830500 0.500000 0.169500 0.669500 1.000000 0.330500 0.830500 1.000000 0.669500 0.169500 0.000000 0.830500 0.330500 0.000000 
#cylinder_bot_centers
0.000000 0.000000 0.000000 0.000000 0.000000 0.000000 0.000000 0.000000 0.000000 1.000000 1.000000 1.000000 1.000000 1.000000 1.000000 1.000000 1.000000 1.000000 0.000000 1.000000 1.000000 0.000000 1.000000 1.000000 1.000000 0.000000 0.000000 1.000000 0.000000 0.000000 
0.339000 0.339000 0.000000 0.339000 0.339000 1.000000 0.661000 0.661000 1.000000 0.661000 0.661000 1.000000 0.339000 0.339000 0.000000 0.661000 0.661000 0.000000 0.339000 0.339000 1.000000 0.661000 0.661000 1.000000 0.339000 0.339000 0.000000 0.661000 0.661000 0.000000 
#cylinder_radius
0.100000 0.100000 0.100000 0.100000 0.100000 0.100000 0.100000 0.100000 0.100000 0.100000 
0.100000 0.100000 0.100000 0.100000 0.100000 0.100000 0.100000 0.100000 0.100000 0.100000 
