#data_name
No129_Primitive_Tetragonal_AsCuSiZr
#material_num
4
#lattice_type
primitive_tetragonal
#lattice_constant
3.673600 0.0 9.571200 0.0 0.0 0.0 
#sphere_num
2
2
2
2
#sphere_centers
0.750000 0.250000 0.000000 0.250000 0.750000 0.000000 
0.750000 0.250000 0.500000 0.250000 0.750000 0.500000 
0.250000 0.250000 0.679300 0.750000 0.750000 0.320700 
0.250000 0.250000 0.224600 0.750000 0.750000 0.775400 
#sphere_radius
0.100000 0.100000 
0.100000 0.100000 
0.100000 0.100000 
0.100000 0.100000 
#cylinder_num
6
4
6
6
#cylinder_top_centers
0.500000 0.500000 0.000000 0.500000 0.250000 0.112300 0.250000 0.500000 0.112300 0.500000 0.500000 0.000000 0.750000 0.500000 0.887700 0.500000 0.750000 0.887700 
0.500000 0.250000 0.589650 0.750000 0.500000 0.410350 0.250000 0.500000 0.589650 0.500000 0.750000 0.410350 
0.500000 0.500000 0.727350 0.500000 0.500000 0.272650 0.500000 0.250000 0.589650 0.750000 0.500000 0.410350 0.250000 0.500000 0.589650 0.500000 0.750000 0.410350 
0.500000 0.250000 0.112300 0.250000 0.500000 0.112300 0.750000 0.500000 0.887700 0.500000 0.750000 0.887700 0.500000 0.500000 0.272650 0.500000 0.500000 0.727350 
#cylinder_bot_centers
0.750000 0.250000 0.000000 0.750000 0.250000 0.000000 0.250000 0.750000 0.000000 0.250000 0.750000 0.000000 0.750000 0.250000 1.000000 0.250000 0.750000 1.000000 
0.750000 0.250000 0.500000 0.750000 0.250000 0.500000 0.250000 0.750000 0.500000 0.250000 0.750000 0.500000 
0.250000 0.250000 0.679300 0.750000 0.750000 0.320700 0.250000 0.250000 0.679300 0.750000 0.750000 0.320700 0.250000 0.250000 0.679300 0.750000 0.750000 0.320700 
0.250000 0.250000 0.224600 0.250000 0.250000 0.224600 0.750000 0.750000 0.775400 0.750000 0.750000 0.775400 0.250000 0.250000 0.224600 0.750000 0.750000 0.775400 
#cylinder_radius
0.100000 0.100000 0.100000 0.100000 0.100000 0.100000 
0.100000 0.100000 0.100000 0.100000 
0.100000 0.100000 0.100000 0.100000 0.100000 0.100000 
0.100000 0.100000 0.100000 0.100000 0.100000 0.100000 
