#data_name
No139_BCT_Si
#material_num
1
#lattice_type
body_centered_tetragonal
#lattice_constant
3.349160 0.0 6.504650 0.0 0.0 0.0 
#sphere_num
2
#sphere_centers
0.000000 0.819000 0.819000 0.000000 0.181000 0.181000 
#sphere_radius
0.100000 0.100000 
#cylinder_num
10
#cylinder_top_centers
0.500000 0.500000 0.500000 0.500000 0.500000 0.500000 0.500000 1.000000 1.000000 1.000000 1.000000 0.500000 1.000000 0.500000 1.000000 0.000000 0.500000 0.000000 1.000000 1.000000 1.000000 0.000000 0.000000 0.000000 0.500000 0.000000 0.000000 1.000000 0.000000 0.500000 
#cylinder_bot_centers
0.000000 0.181000 0.181000 1.000000 0.819000 0.819000 0.000000 0.819000 0.819000 1.000000 0.819000 0.819000 1.000000 0.819000 0.819000 0.000000 0.181000 0.181000 1.000000 0.819000 0.819000 0.000000 0.181000 0.181000 1.000000 0.181000 0.181000 1.000000 0.181000 0.181000 
#cylinder_radius
0.100000 0.100000 0.100000 0.100000 0.100000 0.100000 0.100000 0.100000 0.100000 0.100000 
