#data_name
No166_rhombohedral_alphaAs
#material_num
1
#lattice_type
rhombohedral
#lattice_constant
3.759500 0.0 9.208857 0.0 0.0 0.0 
#sphere_num
2
#sphere_centers
0.227540 0.227540 0.227540 0.772460 0.772460 0.772460 
#sphere_radius
0.100000 0.100000 
#cylinder_num
6
#cylinder_top_centers
0.227540 0.227540 0.227540 0.227540 0.227540 0.227540 0.227540 0.227540 0.227540 0.772460 0.772460 0.772460 0.772460 0.772460 0.772460 0.772460 0.772460 0.772460 
#cylinder_bot_centers
0.500000 0.000000 0.000000 0.000000 0.500000 0.000000 0.000000 0.000000 0.500000 1.000000 1.000000 0.500000 1.000000 0.500000 1.000000 0.500000 1.000000 1.000000 
#cylinder_radius
0.100000 0.100000 0.100000 0.100000 0.100000 0.100000 
