#data_name
No180_Hexagonal_Mg2Ni
#material_num
2
#lattice_type
hexagonal
#lattice_constant
5.198000 0.0 13.210000 0.0 0.0 0.0 
#sphere_num
6
12
#sphere_centers
0.000000 0.000000 0.500000 0.000000 0.000000 0.166667 0.000000 0.000000 0.833333 0.500000 0.000000 0.500000 0.000000 0.500000 0.166667 0.500000 0.500000 0.833333 
0.500000 0.000000 0.163000 0.000000 0.500000 0.829667 0.500000 0.500000 0.496333 0.500000 0.000000 0.837000 0.000000 0.500000 0.503667 0.500000 0.500000 0.170333 0.114100 0.228200 0.000000 0.771800 0.885900 0.666667 0.114100 0.885900 0.333333 0.885900 0.771800 0.000000 0.228200 0.114100 0.666667 0.885900 0.114100 0.333333 
#sphere_radius
0.100000 0.100000 0.100000 0.100000 0.100000 0.100000 
0.100000 0.100000 0.100000 0.100000 0.100000 0.100000 0.100000 0.100000 0.100000 0.100000 0.100000 0.100000 
#cylinder_num
0
0
#cylinder_top_centers
#cylinder_bot_centers
#cylinder_radius
