#data_name
No186_Hexagonal_ZnS
#material_num
2
#lattice_type
hexagonal
#lattice_constant
3.822700 0.0 6.242443 0.0 0.0 0.0 
#sphere_num
2
2
#sphere_centers
0.333333 0.666667 0.374800 0.666667 0.333333 0.874800 
0.333333 0.666667 0.000000 0.666667 0.333333 0.500000 
#sphere_radius
0.100000 0.100000 
0.100000 0.100000 
#cylinder_num
8
8
#cylinder_top_centers
0.333333 0.666667 0.187400 0.500000 0.500000 0.437400 0.666667 0.333333 0.687400 0.500000 0.500000 0.937400 0.500000 1.000000 0.437400 0.000000 0.500000 0.437400 1.000000 0.500000 0.937400 0.500000 0.000000 0.937400 
0.333333 0.666667 0.187400 0.500000 0.500000 0.437400 0.666667 0.333333 0.687400 0.500000 0.500000 0.937400 0.500000 1.000000 0.937400 0.000000 0.500000 0.937400 1.000000 0.500000 0.437400 0.500000 0.000000 0.437400 
#cylinder_bot_centers
0.333333 0.666667 0.374800 0.333333 0.666667 0.374800 0.666667 0.333333 0.874800 0.666667 0.333333 0.874800 0.333333 0.666667 0.374800 0.333333 0.666667 0.374800 0.666667 0.333333 0.874800 0.666667 0.333333 0.874800 
0.333333 0.666667 0.000000 0.666667 0.333333 0.500000 0.666667 0.333333 0.500000 0.333333 0.666667 1.000000 0.333333 0.666667 1.000000 0.333333 0.666667 1.000000 0.666667 0.333333 0.500000 0.666667 0.333333 0.500000 
#cylinder_radius
0.100000 0.100000 0.100000 0.100000 0.100000 0.100000 0.100000 0.100000 
0.100000 0.100000 0.100000 0.100000 0.100000 0.100000 0.100000 0.100000 
