#data_name
No198_SC_alphaCO
#material_num
2
#lattice_type
simple_cubic
#lattice_constant
5.630000 0.0 0.0 0.0 0.0 0.0 
#sphere_num
4
4
#sphere_centers
0.958000 0.958000 0.958000 0.542000 0.042000 0.458000 0.042000 0.458000 0.542000 0.458000 0.542000 0.042000 
0.067000 0.067000 0.067000 0.433000 0.933000 0.567000 0.933000 0.567000 0.433000 0.567000 0.433000 0.933000 
#sphere_radius
0.100000 0.100000 0.100000 0.100000 
0.100000 0.100000 0.100000 0.100000 
#cylinder_num
0
0
#cylinder_top_centers
#cylinder_bot_centers
#cylinder_radius
