#data_name
No197_BCC_Ga4Ni
#material_num
2
#lattice_type
body_centered_cubic
#lattice_constant
8.429500 0.0 0.0 0.0 0.0 0.0 
#sphere_num
16
4
#sphere_centers
0.333600 0.333600 0.333600 0.000000 0.000000 0.666400 0.000000 0.666400 0.000000 0.666400 0.000000 0.000000 0.000000 0.647600 0.647600 0.647600 0.000000 0.647600 0.647600 0.647600 0.000000 0.000000 0.352400 0.352400 0.352400 0.000000 0.352400 0.352400 0.352400 0.000000 0.500000 0.748400 0.248400 0.248400 0.500000 0.748400 0.748400 0.248400 0.500000 0.500000 0.251600 0.751600 0.751600 0.500000 0.251600 0.251600 0.751600 0.500000 
0.669000 0.669000 0.669000 0.000000 0.000000 0.331000 0.000000 0.331000 0.000000 0.331000 0.000000 0.000000 
#sphere_radius
0.100000 0.100000 0.100000 0.100000 0.100000 0.100000 0.100000 0.100000 0.100000 0.100000 0.100000 0.100000 0.100000 0.100000 0.100000 0.100000 
0.100000 0.100000 0.100000 0.100000 
#cylinder_num
0
0
#cylinder_top_centers
#cylinder_bot_centers
#cylinder_radius
