#data_name
No199_BCC_CoU
#material_num
2
#lattice_type
body_centered_cubic
#lattice_constant
6.355700 0.0 0.0 0.0 0.0 0.0 
#sphere_num
4
4
#sphere_centers
0.588000 0.588000 0.588000 0.500000 0.000000 0.912000 0.000000 0.912000 0.500000 0.912000 0.500000 0.000000 
0.069400 0.069400 0.069400 0.500000 0.000000 0.430600 0.000000 0.430600 0.500000 0.430600 0.500000 0.000000 
#sphere_radius
0.100000 0.100000 0.100000 0.100000 
0.100000 0.100000 0.100000 0.100000 
#cylinder_num
0
0
#cylinder_top_centers
#cylinder_bot_centers
#cylinder_radius
