#data_name
No198_SC_FeSi
#material_num
2
#lattice_type
simple_cubic
#lattice_constant
4.486880 0.0 0.0 0.0 0.0 0.0 
#sphere_num
4
4
#sphere_centers
0.154508 0.154508 0.154508 0.345492 0.845492 0.654508 0.845492 0.654508 0.345492 0.654508 0.345492 0.845492 
0.845492 0.845492 0.845492 0.654508 0.154508 0.345492 0.154508 0.345492 0.654508 0.345492 0.654508 0.154508 
#sphere_radius
0.100000 0.100000 0.100000 0.100000 
0.100000 0.100000 0.100000 0.100000 
#cylinder_num
12
15
#cylinder_top_centers
0.404508 0.154508 0.250000 0.154508 0.250000 0.404508 0.250000 0.404508 0.154508 0.595492 0.845492 0.750000 0.250000 0.595492 0.654508 0.345492 0.750000 0.404508 0.845492 0.750000 0.595492 0.750000 0.404508 0.345492 0.595492 0.654508 0.250000 0.750000 0.595492 0.845492 0.654508 0.250000 0.595492 0.404508 0.345492 0.750000 
0.404508 0.154508 0.250000 0.154508 0.250000 0.404508 0.250000 0.404508 0.154508 0.595492 0.845492 0.750000 0.250000 0.595492 0.654508 0.345492 0.750000 0.404508 0.845492 0.750000 0.595492 0.750000 0.404508 0.345492 0.595492 0.654508 0.250000 0.750000 0.595492 0.845492 0.654508 0.250000 0.595492 0.404508 0.345492 0.750000 0.154508 0.345492 0.654508 0.345492 0.654508 0.154508 0.654508 0.154508 0.345492 
#cylinder_bot_centers
0.154508 0.154508 0.154508 0.154508 0.154508 0.154508 0.154508 0.154508 0.154508 0.345492 0.845492 0.654508 0.345492 0.845492 0.654508 0.345492 0.845492 0.654508 0.845492 0.654508 0.345492 0.845492 0.654508 0.345492 0.845492 0.654508 0.345492 0.654508 0.345492 0.845492 0.654508 0.345492 0.845492 0.654508 0.345492 0.845492 
0.654508 0.154508 0.345492 0.154508 0.345492 0.654508 0.345492 0.654508 0.154508 0.845492 0.845492 0.845492 0.154508 0.345492 0.654508 0.345492 0.654508 0.154508 0.845492 0.845492 0.845492 0.654508 0.154508 0.345492 0.345492 0.654508 0.154508 0.845492 0.845492 0.845492 0.654508 0.154508 0.345492 0.154508 0.345492 0.654508 0.654508 0.154508 0.345492 0.154508 0.345492 0.654508 0.345492 0.654508 0.154508 
#cylinder_radius
0.100000 0.100000 0.100000 0.100000 0.100000 0.100000 0.100000 0.100000 0.100000 0.100000 0.100000 0.100000 
0.100000 0.100000 0.100000 0.100000 0.100000 0.100000 0.100000 0.100000 0.100000 0.100000 0.100000 0.100000 0.100000 0.100000 0.100000 
