#data_name
No204_BCC_Al12W
#material_num
2
#lattice_type
body_centered_cubic
#lattice_constant
7.580000 0.0 0.0 0.0 0.0 0.0 
#sphere_num
1
12
#sphere_centers
0.000000 0.000000 0.000000 
0.875000 0.691000 0.184000 0.507000 0.691000 0.816000 0.493000 0.309000 0.184000 0.125000 0.309000 0.816000 0.184000 0.875000 0.691000 0.816000 0.507000 0.691000 0.184000 0.493000 0.309000 0.816000 0.125000 0.309000 0.691000 0.184000 0.875000 0.691000 0.816000 0.507000 0.309000 0.184000 0.493000 0.309000 0.816000 0.125000 
#sphere_radius
0.007000 
0.100000 0.100000 0.100000 0.100000 0.100000 0.100000 0.100000 0.100000 0.100000 0.100000 0.100000 0.100000 
#cylinder_num
0
0
#cylinder_top_centers
#cylinder_bot_centers
#cylinder_radius
