#data_name
No205_SC_FeS2
#material_num
2
#lattice_type
simple_cubic
#lattice_constant
5.417000 0.0 0.0 0.0 0.0 0.0 
#sphere_num
4
8
#sphere_centers
0.000000 0.000000 0.000000 0.500000 0.000000 0.500000 0.000000 0.500000 0.500000 0.500000 0.500000 0.000000 
0.385100 0.385100 0.385100 0.114900 0.614900 0.885100 0.614900 0.885100 0.114900 0.885100 0.114900 0.614900 0.614900 0.614900 0.614900 0.885100 0.385100 0.114900 0.385100 0.114900 0.885100 0.114900 0.885100 0.385100 
#sphere_radius
0.100000 0.100000 0.100000 0.100000 
0.100000 0.100000 0.100000 0.100000 0.100000 0.100000 0.100000 0.100000 
#cylinder_num
24
24
#cylinder_top_centers
0.442550 0.192550 0.442550 0.192550 0.442550 0.442550 0.442550 0.442550 0.192550 0.057450 0.557450 0.692550 0.307450 0.557450 0.942550 0.057450 0.807450 0.942550 0.557450 0.692550 0.057450 0.807450 0.942550 0.057450 0.557450 0.942550 0.307450 0.692550 0.057450 0.557450 0.942550 0.307450 0.557450 0.942550 0.057450 0.807450 0.557450 0.557450 0.807450 0.557450 0.807450 0.557450 0.807450 0.557450 0.557450 0.692550 0.442550 0.057450 0.942550 0.192550 0.057450 0.942550 0.442550 0.307450 0.192550 0.057450 0.942550 0.442550 0.307450 0.942550 0.442550 0.057450 0.692550 0.057450 0.942550 0.192550 0.057450 0.692550 0.442550 0.307450 0.942550 0.442550 
0.442550 0.192550 0.442550 0.192550 0.442550 0.442550 0.442550 0.442550 0.192550 0.057450 0.557450 0.692550 0.307450 0.557450 0.942550 0.057450 0.807450 0.942550 0.557450 0.692550 0.057450 0.807450 0.942550 0.057450 0.557450 0.942550 0.307450 0.692550 0.057450 0.557450 0.942550 0.307450 0.557450 0.942550 0.057450 0.807450 0.557450 0.557450 0.807450 0.557450 0.807450 0.557450 0.807450 0.557450 0.557450 0.692550 0.442550 0.057450 0.942550 0.192550 0.057450 0.942550 0.442550 0.307450 0.192550 0.057450 0.942550 0.442550 0.307450 0.942550 0.442550 0.057450 0.692550 0.057450 0.942550 0.192550 0.057450 0.692550 0.442550 0.307450 0.942550 0.442550 
#cylinder_bot_centers
0.500000 0.000000 0.500000 0.000000 0.500000 0.500000 0.500000 0.500000 0.000000 0.000000 0.500000 0.500000 0.500000 0.500000 1.000000 0.000000 1.000000 1.000000 0.500000 0.500000 0.000000 1.000000 1.000000 0.000000 0.500000 1.000000 0.500000 0.500000 0.000000 0.500000 1.000000 0.500000 0.500000 1.000000 0.000000 1.000000 0.500000 0.500000 1.000000 0.500000 1.000000 0.500000 1.000000 0.500000 0.500000 0.500000 0.500000 0.000000 1.000000 0.000000 0.000000 1.000000 0.500000 0.500000 0.000000 0.000000 1.000000 0.500000 0.500000 1.000000 0.500000 0.000000 0.500000 0.000000 1.000000 0.000000 0.000000 0.500000 0.500000 0.500000 1.000000 0.500000 
0.385100 0.385100 0.385100 0.385100 0.385100 0.385100 0.385100 0.385100 0.385100 0.114900 0.614900 0.885100 0.114900 0.614900 0.885100 0.114900 0.614900 0.885100 0.614900 0.885100 0.114900 0.614900 0.885100 0.114900 0.614900 0.885100 0.114900 0.885100 0.114900 0.614900 0.885100 0.114900 0.614900 0.885100 0.114900 0.614900 0.614900 0.614900 0.614900 0.614900 0.614900 0.614900 0.614900 0.614900 0.614900 0.885100 0.385100 0.114900 0.885100 0.385100 0.114900 0.885100 0.385100 0.114900 0.385100 0.114900 0.885100 0.385100 0.114900 0.885100 0.385100 0.114900 0.885100 0.114900 0.885100 0.385100 0.114900 0.885100 0.385100 0.114900 0.885100 0.385100 
#cylinder_radius
0.100000 0.100000 0.100000 0.100000 0.100000 0.100000 0.100000 0.100000 0.100000 0.100000 0.100000 0.100000 0.100000 0.100000 0.100000 0.100000 0.100000 0.100000 0.100000 0.100000 0.100000 0.100000 0.100000 0.100000 
0.100000 0.100000 0.100000 0.100000 0.100000 0.100000 0.100000 0.100000 0.100000 0.100000 0.100000 0.100000 0.100000 0.100000 0.100000 0.100000 0.100000 0.100000 0.100000 0.100000 0.100000 0.100000 0.100000 0.100000 
