#data_name
No205_SC_CuCl
#material_num
2
#lattice_type
simple_cubic
#lattice_constant
6.416200 0.0 0.0 0.0 0.0 0.0 
#sphere_num
8
8
#sphere_centers
0.629700 0.629700 0.629700 0.870300 0.370300 0.129700 0.370300 0.129700 0.870300 0.129700 0.870300 0.370300 0.370300 0.370300 0.370300 0.129700 0.629700 0.870300 0.629700 0.870300 0.129700 0.870300 0.129700 0.629700 
0.152700 0.152700 0.152700 0.347300 0.847300 0.652700 0.847300 0.652700 0.347300 0.652700 0.347300 0.847300 0.847300 0.847300 0.847300 0.652700 0.152700 0.347300 0.152700 0.347300 0.652700 0.347300 0.652700 0.152700 
#sphere_radius
0.100000 0.100000 0.100000 0.100000 0.100000 0.100000 0.100000 0.100000 
0.100000 0.100000 0.100000 0.100000 0.100000 0.100000 0.100000 0.100000 
#cylinder_num
20
20
#cylinder_top_centers
0.488500 0.738500 0.641200 0.738500 0.641200 0.488500 0.641200 0.488500 0.738500 0.738500 0.738500 0.738500 0.858800 0.511500 0.238500 0.761500 0.261500 0.238500 0.511500 0.238500 0.858800 0.261500 0.238500 0.761500 0.238500 0.858800 0.511500 0.238500 0.761500 0.261500 0.261500 0.261500 0.261500 0.511500 0.261500 0.358800 0.261500 0.358800 0.511500 0.358800 0.511500 0.261500 0.238500 0.738500 0.761500 0.141200 0.488500 0.761500 0.738500 0.761500 0.238500 0.488500 0.761500 0.141200 0.761500 0.238500 0.738500 0.761500 0.141200 0.488500 
0.261500 0.261500 0.261500 0.488500 0.738500 0.641200 0.238500 0.858800 0.511500 0.238500 0.738500 0.761500 0.738500 0.641200 0.488500 0.858800 0.511500 0.238500 0.738500 0.761500 0.238500 0.641200 0.488500 0.738500 0.511500 0.238500 0.858800 0.761500 0.238500 0.738500 0.738500 0.738500 0.738500 0.761500 0.261500 0.238500 0.511500 0.261500 0.358800 0.761500 0.141200 0.488500 0.261500 0.238500 0.761500 0.261500 0.358800 0.511500 0.141200 0.488500 0.761500 0.238500 0.761500 0.261500 0.358800 0.511500 0.261500 0.488500 0.761500 0.141200 
#cylinder_bot_centers
0.629700 0.629700 0.629700 0.629700 0.629700 0.629700 0.629700 0.629700 0.629700 0.629700 0.629700 0.629700 0.870300 0.370300 0.129700 0.870300 0.370300 0.129700 0.370300 0.129700 0.870300 0.370300 0.129700 0.870300 0.129700 0.870300 0.370300 0.129700 0.870300 0.370300 0.370300 0.370300 0.370300 0.370300 0.370300 0.370300 0.370300 0.370300 0.370300 0.370300 0.370300 0.370300 0.129700 0.629700 0.870300 0.129700 0.629700 0.870300 0.629700 0.870300 0.129700 0.629700 0.870300 0.129700 0.870300 0.129700 0.629700 0.870300 0.129700 0.629700 
0.152700 0.152700 0.152700 0.347300 0.847300 0.652700 0.347300 0.847300 0.652700 0.347300 0.847300 0.652700 0.847300 0.652700 0.347300 0.847300 0.652700 0.347300 0.847300 0.652700 0.347300 0.652700 0.347300 0.847300 0.652700 0.347300 0.847300 0.652700 0.347300 0.847300 0.847300 0.847300 0.847300 0.652700 0.152700 0.347300 0.652700 0.152700 0.347300 0.652700 0.152700 0.347300 0.152700 0.347300 0.652700 0.152700 0.347300 0.652700 0.152700 0.347300 0.652700 0.347300 0.652700 0.152700 0.347300 0.652700 0.152700 0.347300 0.652700 0.152700 
#cylinder_radius
0.100000 0.100000 0.100000 0.100000 0.100000 0.100000 0.100000 0.100000 0.100000 0.100000 0.100000 0.100000 0.100000 0.100000 0.100000 0.100000 0.100000 0.100000 0.100000 0.100000 
0.100000 0.100000 0.100000 0.100000 0.100000 0.100000 0.100000 0.100000 0.100000 0.100000 0.100000 0.100000 0.100000 0.100000 0.100000 0.100000 0.100000 0.100000 0.100000 0.100000 
