#data_name
No215_SC_Cu3S4V
#material_num
3
#lattice_type
simple_cubic
#lattice_constant
5.391200 0.0 0.0 0.0 0.0 0.0 
#sphere_num
1
3
4
#sphere_centers
0.000000 0.000000 0.000000 
0.500000 0.000000 0.000000 0.000000 0.500000 0.000000 0.000000 0.000000 0.500000 
0.237200 0.237200 0.237200 0.762800 0.762800 0.237200 0.762800 0.237200 0.762800 0.237200 0.762800 0.762800 
#sphere_radius
0.100000 
0.100000 0.100000 0.100000 
0.100000 0.100000 0.100000 0.100000 
#cylinder_num
4
12
16
#cylinder_top_centers
0.118600 0.118600 0.118600 0.881400 0.881400 0.118600 0.881400 0.118600 0.881400 0.118600 0.881400 0.881400 
0.368600 0.118600 0.118600 0.118600 0.368600 0.118600 0.118600 0.118600 0.368600 0.631400 0.881400 0.118600 0.881400 0.631400 0.118600 0.881400 0.881400 0.368600 0.881400 0.368600 0.881400 0.881400 0.118600 0.631400 0.631400 0.118600 0.881400 0.118600 0.881400 0.631400 0.118600 0.631400 0.881400 0.368600 0.881400 0.881400 
0.118600 0.118600 0.118600 0.368600 0.118600 0.118600 0.118600 0.368600 0.118600 0.118600 0.118600 0.368600 0.881400 0.881400 0.118600 0.631400 0.881400 0.118600 0.881400 0.631400 0.118600 0.881400 0.881400 0.368600 0.881400 0.118600 0.881400 0.881400 0.368600 0.881400 0.881400 0.118600 0.631400 0.631400 0.118600 0.881400 0.118600 0.881400 0.881400 0.118600 0.881400 0.631400 0.118600 0.631400 0.881400 0.368600 0.881400 0.881400 
#cylinder_bot_centers
0.000000 0.000000 0.000000 1.000000 1.000000 0.000000 1.000000 0.000000 1.000000 0.000000 1.000000 1.000000 
0.500000 0.000000 0.000000 0.000000 0.500000 0.000000 0.000000 0.000000 0.500000 0.500000 1.000000 0.000000 1.000000 0.500000 0.000000 1.000000 1.000000 0.500000 1.000000 0.500000 1.000000 1.000000 0.000000 0.500000 0.500000 0.000000 1.000000 0.000000 1.000000 0.500000 0.000000 0.500000 1.000000 0.500000 1.000000 1.000000 
0.237200 0.237200 0.237200 0.237200 0.237200 0.237200 0.237200 0.237200 0.237200 0.237200 0.237200 0.237200 0.762800 0.762800 0.237200 0.762800 0.762800 0.237200 0.762800 0.762800 0.237200 0.762800 0.762800 0.237200 0.762800 0.237200 0.762800 0.762800 0.237200 0.762800 0.762800 0.237200 0.762800 0.762800 0.237200 0.762800 0.237200 0.762800 0.762800 0.237200 0.762800 0.762800 0.237200 0.762800 0.762800 0.237200 0.762800 0.762800 
#cylinder_radius
0.100000 0.100000 0.100000 0.100000 
0.100000 0.100000 0.100000 0.100000 0.100000 0.100000 0.100000 0.100000 0.100000 0.100000 0.100000 0.100000 
0.100000 0.100000 0.100000 0.100000 0.100000 0.100000 0.100000 0.100000 0.100000 0.100000 0.100000 0.100000 0.100000 0.100000 0.100000 0.100000 
