#data_name
No217_BCC_alpha_Mn
#material_num
1
#lattice_type
body_centered_cubic
#lattice_constant
8.911000 0.0 0.0 0.0 0.0 0.0 
#sphere_num
29
#sphere_centers
0.000000 0.000000 0.000000 0.635740 0.635740 0.635740 0.000000 0.000000 0.364260 0.000000 0.364260 0.000000 0.364260 0.000000 0.000000 0.192360 0.192360 0.820840 0.371520 0.371520 0.179160 0.628480 0.807640 0.000000 0.807640 0.628480 0.000000 0.820840 0.192360 0.192360 0.179160 0.371520 0.371520 0.000000 0.628480 0.807640 0.000000 0.807640 0.628480 0.192360 0.820840 0.192360 0.371520 0.179160 0.371520 0.807640 0.000000 0.628480 0.628480 0.000000 0.807640 0.677510 0.677510 0.285880 0.391630 0.391630 0.714120 0.608370 0.322490 0.000000 0.322490 0.608370 0.000000 0.285880 0.677510 0.677510 0.714120 0.391630 0.391630 0.000000 0.608370 0.322490 0.000000 0.322490 0.608370 0.677510 0.285880 0.677510 0.391630 0.714120 0.391630 0.322490 0.000000 0.608370 0.608370 0.000000 0.322490 
#sphere_radius
0.100000 0.100000 0.100000 0.100000 0.100000 0.100000 0.100000 0.100000 0.100000 0.100000 0.100000 0.100000 0.100000 0.100000 0.100000 0.100000 0.100000 0.100000 0.100000 0.100000 0.100000 0.100000 0.100000 0.100000 0.100000 0.100000 0.100000 0.100000 0.100000 
#cylinder_num
0
#cylinder_top_centers
#cylinder_bot_centers
#cylinder_radius
