#data_name
No217_BCC_SiF4
#material_num
2
#lattice_type
body_centered_cubic
#lattice_constant
5.458580 0.0 0.0 0.0 0.0 0.0 
#sphere_num
1
4
#sphere_centers
0.000000 0.000000 0.000000 
0.330000 0.330000 0.330000 0.000000 0.000000 0.670000 0.000000 0.670000 0.000000 0.670000 0.000000 0.000000 
#sphere_radius
0.100000 
0.100000 0.100000 0.100000 0.100000 
#cylinder_num
4
4
#cylinder_top_centers
0.165000 0.165000 0.165000 0.835000 0.000000 0.000000 0.000000 0.835000 0.000000 0.000000 0.000000 0.835000 
0.165000 0.165000 0.165000 0.835000 0.000000 0.000000 0.000000 0.835000 0.000000 0.000000 0.000000 0.835000 
#cylinder_bot_centers
0.000000 0.000000 0.000000 1.000000 0.000000 0.000000 0.000000 1.000000 0.000000 0.000000 0.000000 1.000000 
0.330000 0.330000 0.330000 0.670000 0.000000 0.000000 0.000000 0.670000 0.000000 0.000000 0.000000 0.670000 
#cylinder_radius
0.100000 0.100000 0.100000 0.100000 
0.100000 0.100000 0.100000 0.100000 
