#data_name
No215_SC_Fe4C
#material_num
2
#lattice_type
simple_cubic
#lattice_constant
3.878000 0.0 0.0 0.0 0.0 0.0 
#sphere_num
1
4
#sphere_centers
0.000000 0.000000 0.000000 
0.265000 0.265000 0.265000 0.735000 0.735000 0.265000 0.735000 0.265000 0.735000 0.265000 0.735000 0.735000 
#sphere_radius
0.100000 
0.100000 0.100000 0.100000 0.100000 
#cylinder_num
4
4
#cylinder_top_centers
0.132500 0.132500 0.132500 0.867500 0.867500 0.132500 0.867500 0.132500 0.867500 0.132500 0.867500 0.867500 
0.265000 0.265000 0.265000 0.735000 0.735000 0.265000 0.735000 0.265000 0.735000 0.265000 0.735000 0.735000 
#cylinder_bot_centers
0.000000 0.000000 0.000000 1.000000 1.000000 0.000000 1.000000 0.000000 1.000000 0.000000 1.000000 1.000000 
0.132500 0.132500 0.132500 0.867500 0.867500 0.132500 0.867500 0.132500 0.867500 0.132500 0.867500 0.867500 
#cylinder_radius
0.100000 0.100000 0.100000 0.100000 
0.100000 0.100000 0.100000 0.100000 
