#data_name
No215_SC_AsCu3S4
#material_num
3
#lattice_type
simple_cubic
#lattice_constant
5.280000 0.0 0.0 0.0 0.0 0.0 
#sphere_num
1
3
4
#sphere_centers
0.000000 0.000000 0.000000 
0.000000 0.500000 0.500000 0.500000 0.000000 0.500000 0.500000 0.500000 0.000000 
0.250000 0.250000 0.250000 0.750000 0.750000 0.250000 0.750000 0.250000 0.750000 0.250000 0.750000 0.750000 
#sphere_radius
0.100000 
0.100000 0.100000 0.100000 
0.100000 0.100000 0.100000 0.100000 
#cylinder_num
4
12
16
#cylinder_top_centers
0.125000 0.125000 0.125000 0.875000 0.875000 0.125000 0.875000 0.125000 0.875000 0.125000 0.875000 0.875000 
0.375000 0.375000 0.125000 0.125000 0.375000 0.375000 0.375000 0.125000 0.375000 0.625000 0.625000 0.125000 0.875000 0.625000 0.375000 0.625000 0.875000 0.375000 0.875000 0.375000 0.625000 0.625000 0.125000 0.625000 0.625000 0.375000 0.875000 0.125000 0.625000 0.625000 0.375000 0.875000 0.625000 0.375000 0.625000 0.875000 
0.125000 0.125000 0.125000 0.375000 0.375000 0.125000 0.125000 0.375000 0.375000 0.375000 0.125000 0.375000 0.875000 0.875000 0.125000 0.625000 0.625000 0.125000 0.875000 0.625000 0.375000 0.625000 0.875000 0.375000 0.875000 0.125000 0.875000 0.875000 0.375000 0.625000 0.625000 0.125000 0.625000 0.625000 0.375000 0.875000 0.125000 0.875000 0.875000 0.125000 0.625000 0.625000 0.375000 0.875000 0.625000 0.375000 0.625000 0.875000 
#cylinder_bot_centers
0.000000 0.000000 0.000000 1.000000 1.000000 0.000000 1.000000 0.000000 1.000000 0.000000 1.000000 1.000000 
0.500000 0.500000 0.000000 0.000000 0.500000 0.500000 0.500000 0.000000 0.500000 0.500000 0.500000 0.000000 1.000000 0.500000 0.500000 0.500000 1.000000 0.500000 1.000000 0.500000 0.500000 0.500000 0.000000 0.500000 0.500000 0.500000 1.000000 0.000000 0.500000 0.500000 0.500000 1.000000 0.500000 0.500000 0.500000 1.000000 
0.250000 0.250000 0.250000 0.250000 0.250000 0.250000 0.250000 0.250000 0.250000 0.250000 0.250000 0.250000 0.750000 0.750000 0.250000 0.750000 0.750000 0.250000 0.750000 0.750000 0.250000 0.750000 0.750000 0.250000 0.750000 0.250000 0.750000 0.750000 0.250000 0.750000 0.750000 0.250000 0.750000 0.750000 0.250000 0.750000 0.250000 0.750000 0.750000 0.250000 0.750000 0.750000 0.250000 0.750000 0.750000 0.250000 0.750000 0.750000 
#cylinder_radius
0.100000 0.100000 0.100000 0.100000 
0.100000 0.100000 0.100000 0.100000 0.100000 0.100000 0.100000 0.100000 0.100000 0.100000 0.100000 0.100000 
0.100000 0.100000 0.100000 0.100000 0.100000 0.100000 0.100000 0.100000 0.100000 0.100000 0.100000 0.100000 0.100000 0.100000 0.100000 0.100000 
