#data_name
No216_FCC_ZnS
#material_num
2
#lattice_type
face_centered_cubic
#lattice_constant
5.409300 0.0 0.0 0.0 0.0 0.0 
#sphere_num
1
1
#sphere_centers
0.000000 0.000000 0.000000 
0.250000 0.250000 0.250000 
#sphere_radius
0.100000 
0.100000 
#cylinder_num
4
4
#cylinder_top_centers
0.125000 0.125000 0.125000 0.125000 0.125000 0.625000 0.625000 0.125000 0.125000 0.125000 0.625000 0.125000 
0.125000 0.125000 0.125000 0.125000 0.125000 0.625000 0.625000 0.125000 0.125000 0.125000 0.625000 0.125000 
#cylinder_bot_centers
0.000000 0.000000 0.000000 0.000000 0.000000 1.000000 1.000000 0.000000 0.000000 0.000000 1.000000 0.000000 
0.250000 0.250000 0.250000 0.250000 0.250000 0.250000 0.250000 0.250000 0.250000 0.250000 0.250000 0.250000 
#cylinder_radius
0.100000 0.100000 0.100000 0.100000 
0.100000 0.100000 0.100000 0.100000 
