#data_name
No229_BCC_H3S
#material_num
2
#lattice_type
body_centered_cubic
#lattice_constant
2.984000 0.0 0.0 0.0 0.0 0.0 
#sphere_num
1
3
#sphere_centers
0.000000 0.000000 0.000000 
0.000000 0.500000 0.500000 0.500000 0.000000 0.500000 0.500000 0.500000 0.000000 
#sphere_radius
0.100000 
0.100000 0.100000 0.100000 
#cylinder_num
6
6
#cylinder_top_centers
0.000000 0.250000 0.250000 0.250000 0.000000 0.250000 0.250000 0.250000 0.000000 0.000000 0.750000 0.750000 0.750000 0.750000 1.000000 0.750000 1.000000 0.750000 
0.000000 0.250000 0.250000 0.250000 0.000000 0.250000 0.250000 0.250000 0.000000 0.000000 0.750000 0.750000 0.750000 0.750000 1.000000 0.750000 1.000000 0.750000 
#cylinder_bot_centers
0.000000 0.000000 0.000000 0.000000 0.000000 0.000000 0.000000 0.000000 0.000000 0.000000 1.000000 1.000000 1.000000 1.000000 1.000000 1.000000 1.000000 1.000000 
0.000000 0.500000 0.500000 0.500000 0.000000 0.500000 0.500000 0.500000 0.000000 0.000000 0.500000 0.500000 0.500000 0.500000 1.000000 0.500000 1.000000 0.500000 
#cylinder_radius
0.100000 0.100000 0.100000 0.100000 0.100000 0.100000 
0.100000 0.100000 0.100000 0.100000 0.100000 0.100000 
