#data_name
No223_SC_Cr3Si
#material_num
2
#lattice_type
simple_cubic
#lattice_constant
4.556000 0.0 0.0 0.0 0.0 0.0 
#sphere_num
2
6
#sphere_centers
0.000000 0.000000 0.000000 0.500000 0.500000 0.500000 
0.250000 0.000000 0.500000 0.750000 0.000000 0.500000 0.500000 0.250000 0.000000 0.500000 0.750000 0.000000 0.000000 0.500000 0.250000 0.000000 0.500000 0.750000 
#sphere_radius
0.100000 0.100000 
0.100000 0.100000 0.100000 0.100000 0.100000 0.100000 
#cylinder_num
24
24
#cylinder_top_centers
0.125000 0.000000 0.250000 0.250000 0.125000 0.000000 0.000000 0.250000 0.125000 1.000000 0.750000 0.125000 0.750000 0.875000 0.000000 0.875000 1.000000 0.250000 0.750000 0.125000 1.000000 0.875000 0.000000 0.750000 1.000000 0.250000 0.875000 0.000000 0.750000 0.875000 0.250000 0.875000 1.000000 0.125000 1.000000 0.750000 0.375000 0.250000 0.500000 0.625000 0.250000 0.500000 0.500000 0.375000 0.250000 0.500000 0.625000 0.250000 0.250000 0.500000 0.375000 0.250000 0.500000 0.625000 0.750000 0.500000 0.375000 0.625000 0.750000 0.500000 0.500000 0.375000 0.750000 0.750000 0.500000 0.625000 0.500000 0.625000 0.750000 0.375000 0.750000 0.500000 
0.125000 0.000000 0.250000 0.250000 0.125000 0.000000 0.000000 0.250000 0.125000 1.000000 0.750000 0.125000 0.750000 0.875000 0.000000 0.875000 1.000000 0.250000 0.750000 0.125000 1.000000 0.875000 0.000000 0.750000 1.000000 0.250000 0.875000 0.000000 0.750000 0.875000 0.250000 0.875000 1.000000 0.125000 1.000000 0.750000 0.375000 0.250000 0.500000 0.625000 0.250000 0.500000 0.500000 0.375000 0.250000 0.500000 0.625000 0.250000 0.250000 0.500000 0.375000 0.250000 0.500000 0.625000 0.750000 0.500000 0.375000 0.625000 0.750000 0.500000 0.500000 0.375000 0.750000 0.750000 0.500000 0.625000 0.500000 0.625000 0.750000 0.375000 0.750000 0.500000 
#cylinder_bot_centers
0.000000 0.000000 0.000000 0.000000 0.000000 0.000000 0.000000 0.000000 0.000000 1.000000 1.000000 0.000000 1.000000 1.000000 0.000000 1.000000 1.000000 0.000000 1.000000 0.000000 1.000000 1.000000 0.000000 1.000000 1.000000 0.000000 1.000000 0.000000 1.000000 1.000000 0.000000 1.000000 1.000000 0.000000 1.000000 1.000000 0.500000 0.500000 0.500000 0.500000 0.500000 0.500000 0.500000 0.500000 0.500000 0.500000 0.500000 0.500000 0.500000 0.500000 0.500000 0.500000 0.500000 0.500000 0.500000 0.500000 0.500000 0.500000 0.500000 0.500000 0.500000 0.500000 0.500000 0.500000 0.500000 0.500000 0.500000 0.500000 0.500000 0.500000 0.500000 0.500000 
0.250000 0.000000 0.500000 0.500000 0.250000 0.000000 0.000000 0.500000 0.250000 1.000000 0.500000 0.250000 0.500000 0.750000 0.000000 0.750000 1.000000 0.500000 0.500000 0.250000 1.000000 0.750000 0.000000 0.500000 1.000000 0.500000 0.750000 0.000000 0.500000 0.750000 0.500000 0.750000 1.000000 0.250000 1.000000 0.500000 0.250000 0.000000 0.500000 0.750000 0.000000 0.500000 0.500000 0.250000 0.000000 0.500000 0.750000 0.000000 0.000000 0.500000 0.250000 0.000000 0.500000 0.750000 1.000000 0.500000 0.250000 0.750000 1.000000 0.500000 0.500000 0.250000 1.000000 1.000000 0.500000 0.750000 0.500000 0.750000 1.000000 0.250000 1.000000 0.500000 
#cylinder_radius
0.100000 0.100000 0.100000 0.100000 0.100000 0.100000 0.100000 0.100000 0.100000 0.100000 0.100000 0.100000 0.100000 0.100000 0.100000 0.100000 0.100000 0.100000 0.100000 0.100000 0.100000 0.100000 0.100000 0.100000 
0.100000 0.100000 0.100000 0.100000 0.100000 0.100000 0.100000 0.100000 0.100000 0.100000 0.100000 0.100000 0.100000 0.100000 0.100000 0.100000 0.100000 0.100000 0.100000 0.100000 0.100000 0.100000 0.100000 0.100000 
