#data_name
No227_FCC_SiO2
#material_num
2
#lattice_type
face_centered_cubic
#lattice_constant
7.166000 0.0 0.0 0.0 0.0 0.0 
#sphere_num
2
4
#sphere_centers
0.125000 0.125000 0.125000 0.875000 0.875000 0.875000 
0.000000 0.000000 0.000000 0.000000 0.000000 0.500000 0.000000 0.500000 0.000000 0.500000 0.000000 0.000000 
#sphere_radius
0.100000 0.100000 
0.100000 0.100000 0.100000 0.100000 
#cylinder_num
8
8
#cylinder_top_centers
0.062500 0.062500 0.062500 0.062500 0.062500 0.312500 0.062500 0.312500 0.062500 0.312500 0.062500 0.062500 0.937500 0.937500 0.937500 0.937500 0.937500 0.687500 0.937500 0.687500 0.937500 0.687500 0.937500 0.937500 
0.000000 0.000000 0.000000 0.000000 0.000000 0.500000 0.000000 0.500000 0.000000 0.500000 0.000000 0.000000 1.000000 1.000000 1.000000 1.000000 1.000000 0.500000 1.000000 0.500000 1.000000 0.500000 1.000000 1.000000 
#cylinder_bot_centers
0.125000 0.125000 0.125000 0.125000 0.125000 0.125000 0.125000 0.125000 0.125000 0.125000 0.125000 0.125000 0.875000 0.875000 0.875000 0.875000 0.875000 0.875000 0.875000 0.875000 0.875000 0.875000 0.875000 0.875000 
0.062500 0.062500 0.062500 0.062500 0.062500 0.312500 0.062500 0.312500 0.062500 0.312500 0.062500 0.062500 0.937500 0.937500 0.937500 0.937500 0.937500 0.687500 0.937500 0.687500 0.937500 0.687500 0.937500 0.937500 
#cylinder_radius
0.100000 0.100000 0.100000 0.100000 0.100000 0.100000 0.100000 0.100000 
0.100000 0.100000 0.100000 0.100000 0.100000 0.100000 0.100000 0.100000 
