#data_name
No221_SC_CaB6
#material_num
2
#lattice_type
simple_cubic
#lattice_constant
4.145000 0.0 0.0 0.0 0.0 0.0 
#sphere_num
1
6
#sphere_centers
0.000000 0.000000 0.000000 
0.211700 0.500000 0.500000 0.788300 0.500000 0.500000 0.500000 0.211700 0.500000 0.500000 0.788300 0.500000 0.500000 0.500000 0.211700 0.500000 0.500000 0.788300 
#sphere_radius
0.100000 
0.100000 0.100000 0.100000 0.100000 0.100000 0.100000 
#cylinder_num
0
12
#cylinder_top_centers
0.211700 0.500000 0.500000 0.788300 0.500000 0.500000 0.500000 0.211700 0.500000 0.500000 0.788300 0.500000 0.211700 0.500000 0.500000 0.788300 0.500000 0.500000 0.500000 0.211700 0.500000 0.500000 0.788300 0.500000 0.500000 0.211700 0.500000 0.500000 0.788300 0.500000 0.500000 0.211700 0.500000 0.500000 0.788300 0.500000 
#cylinder_bot_centers
0.500000 0.500000 0.211700 0.500000 0.500000 0.211700 0.500000 0.500000 0.211700 0.500000 0.500000 0.211700 0.500000 0.500000 0.788300 0.500000 0.500000 0.788300 0.500000 0.500000 0.788300 0.500000 0.500000 0.788300 0.211700 0.500000 0.500000 0.211700 0.500000 0.500000 0.788300 0.500000 0.500000 0.788300 0.500000 0.500000 
#cylinder_radius
0.100000 0.100000 0.100000 0.100000 0.100000 0.100000 0.100000 0.100000 0.100000 0.100000 0.100000 0.100000 
