#data_name
No224_SC_Cu2O
#material_num
2
#lattice_type
simple_cubic
#lattice_constant
4.267000 0.0 0.0 0.0 0.0 0.0 
#sphere_num
2
4
#sphere_centers
0.250000 0.250000 0.250000 0.750000 0.750000 0.750000 
0.000000 0.000000 0.000000 0.500000 0.500000 0.000000 0.500000 0.000000 0.500000 0.000000 0.500000 0.500000 
#sphere_radius
0.100000 0.100000 
0.100000 0.100000 0.100000 0.100000 
#cylinder_num
8
8
#cylinder_top_centers
0.125000 0.125000 0.125000 0.375000 0.375000 0.125000 0.375000 0.125000 0.375000 0.125000 0.375000 0.375000 0.875000 0.875000 0.875000 0.625000 0.625000 0.875000 0.625000 0.875000 0.625000 0.875000 0.625000 0.625000 
0.125000 0.125000 0.125000 0.375000 0.375000 0.125000 0.375000 0.125000 0.375000 0.125000 0.375000 0.375000 0.875000 0.875000 0.875000 0.625000 0.625000 0.875000 0.625000 0.875000 0.625000 0.875000 0.625000 0.625000 
#cylinder_bot_centers
0.250000 0.250000 0.250000 0.250000 0.250000 0.250000 0.250000 0.250000 0.250000 0.250000 0.250000 0.250000 0.750000 0.750000 0.750000 0.750000 0.750000 0.750000 0.750000 0.750000 0.750000 0.750000 0.750000 0.750000 
0.000000 0.000000 0.000000 0.500000 0.500000 0.000000 0.500000 0.000000 0.500000 0.000000 0.500000 0.500000 1.000000 1.000000 1.000000 0.500000 0.500000 1.000000 0.500000 1.000000 0.500000 1.000000 0.500000 0.500000 
#cylinder_radius
0.100000 0.100000 0.100000 0.100000 0.100000 0.100000 0.100000 0.100000 
0.100000 0.100000 0.100000 0.100000 0.100000 0.100000 0.100000 0.100000 
