#data_name
No221_SC_BaHg11
#material_num
2
#lattice_type
simple_cubic
#lattice_constant
9.600000 0.0 0.0 0.0 0.0 0.0 
#sphere_num
3
33
#sphere_centers
0.000000 0.500000 0.500000 0.500000 0.000000 0.500000 0.500000 0.500000 0.000000 
0.000000 0.000000 0.000000 0.345000 0.345000 0.345000 0.655000 0.655000 0.345000 0.655000 0.345000 0.655000 0.345000 0.655000 0.655000 0.345000 0.345000 0.655000 0.655000 0.655000 0.655000 0.345000 0.655000 0.345000 0.655000 0.345000 0.345000 0.000000 0.225000 0.225000 0.000000 0.225000 0.775000 0.000000 0.775000 0.225000 0.000000 0.775000 0.775000 0.225000 0.000000 0.225000 0.225000 0.000000 0.775000 0.775000 0.000000 0.225000 0.775000 0.000000 0.775000 0.225000 0.225000 0.000000 0.225000 0.775000 0.000000 0.775000 0.225000 0.000000 0.775000 0.775000 0.000000 0.500000 0.115000 0.115000 0.500000 0.115000 0.885000 0.500000 0.885000 0.115000 0.500000 0.885000 0.885000 0.115000 0.500000 0.115000 0.115000 0.500000 0.885000 0.885000 0.500000 0.115000 0.885000 0.500000 0.885000 0.115000 0.115000 0.500000 0.115000 0.885000 0.500000 0.885000 0.115000 0.500000 0.885000 0.885000 0.500000 
#sphere_radius
0.100000 0.100000 0.100000 
0.100000 0.100000 0.100000 0.100000 0.100000 0.100000 0.100000 0.100000 0.100000 0.100000 0.100000 0.100000 0.100000 0.100000 0.100000 0.100000 0.100000 0.100000 0.100000 0.100000 0.100000 0.100000 0.100000 0.100000 0.100000 0.100000 0.100000 0.100000 0.100000 0.100000 0.100000 0.100000 0.100000 
#cylinder_num
0
0
#cylinder_top_centers
#cylinder_bot_centers
#cylinder_radius
