#data_name
No227_FCC_NiTi2
#material_num
2
#lattice_type
face_centered_cubic
#lattice_constant
11.278000 0.0 0.0 0.0 0.0 0.0 
#sphere_num
8
16
#sphere_centers
0.215000 0.215000 0.215000 0.215000 0.215000 0.855000 0.215000 0.855000 0.215000 0.855000 0.215000 0.215000 0.785000 0.785000 0.145000 0.785000 0.785000 0.785000 0.785000 0.145000 0.785000 0.145000 0.785000 0.785000 
0.000000 0.000000 0.000000 0.000000 0.000000 0.500000 0.000000 0.500000 0.000000 0.500000 0.000000 0.000000 0.810000 0.440000 0.440000 0.440000 0.810000 0.810000 0.440000 0.810000 0.440000 0.810000 0.440000 0.810000 0.440000 0.440000 0.810000 0.810000 0.810000 0.440000 0.190000 0.560000 0.190000 0.560000 0.190000 0.560000 0.560000 0.190000 0.190000 0.190000 0.560000 0.560000 0.560000 0.560000 0.190000 0.190000 0.190000 0.560000 
#sphere_radius
0.100000 0.100000 0.100000 0.100000 0.100000 0.100000 0.100000 0.100000 
0.100000 0.100000 0.100000 0.100000 0.100000 0.100000 0.100000 0.100000 0.100000 0.100000 0.100000 0.100000 0.100000 0.100000 0.100000 0.100000 
#cylinder_num
0
0
#cylinder_top_centers
#cylinder_bot_centers
#cylinder_radius
