#data_name
No225_FCC_CrFe18Ni8
#material_num
3
#lattice_type
face_centered_cubic
#lattice_constant
10.560000 0.0 0.0 0.0 0.0 0.0 
#sphere_num
1
18
8
#sphere_centers
0.000000 0.000000 0.000000 
0.675000 0.325000 0.325000 0.325000 0.675000 0.325000 0.325000 0.325000 0.675000 0.325000 0.675000 0.675000 0.675000 0.325000 0.675000 0.675000 0.675000 0.325000 0.320000 0.000000 0.000000 0.000000 0.320000 0.680000 0.000000 0.680000 0.320000 0.680000 0.000000 0.000000 0.000000 0.320000 0.000000 0.680000 0.000000 0.320000 0.320000 0.000000 0.680000 0.000000 0.680000 0.000000 0.000000 0.000000 0.320000 0.320000 0.680000 0.000000 0.680000 0.320000 0.000000 0.000000 0.000000 0.680000 
0.658330 0.658330 0.658330 0.658330 0.658330 0.025010 0.658330 0.025010 0.658330 0.025010 0.658330 0.658330 0.341670 0.341670 0.974990 0.341670 0.341670 0.341670 0.341670 0.974990 0.341670 0.974990 0.341670 0.341670 
#sphere_radius
0.100000 
0.100000 0.100000 0.100000 0.100000 0.100000 0.100000 0.100000 0.100000 0.100000 0.100000 0.100000 0.100000 0.100000 0.100000 0.100000 0.100000 0.100000 0.100000 
0.100000 0.100000 0.100000 0.100000 0.100000 0.100000 0.100000 0.100000 
#cylinder_num
0
0
0
#cylinder_top_centers
#cylinder_bot_centers
#cylinder_radius
