#data_name
No221_SC_CrFe27MoNi3
#material_num
4
#lattice_type
simple_cubic
#lattice_constant
7.040000 0.0 0.0 0.0 0.0 0.0 
#sphere_num
1
27
1
3
#sphere_centers
0.000000 0.000000 0.000000 
0.500000 0.000000 0.000000 0.000000 0.500000 0.000000 0.000000 0.000000 0.500000 0.000000 0.245000 0.245000 0.000000 0.755000 0.245000 0.000000 0.245000 0.755000 0.000000 0.755000 0.755000 0.245000 0.000000 0.245000 0.755000 0.000000 0.245000 0.245000 0.000000 0.755000 0.755000 0.000000 0.755000 0.245000 0.245000 0.000000 0.755000 0.245000 0.000000 0.245000 0.755000 0.000000 0.755000 0.755000 0.000000 0.500000 0.260000 0.260000 0.500000 0.740000 0.260000 0.500000 0.260000 0.740000 0.500000 0.740000 0.740000 0.260000 0.500000 0.260000 0.740000 0.500000 0.260000 0.260000 0.500000 0.740000 0.740000 0.500000 0.740000 0.260000 0.260000 0.500000 0.740000 0.260000 0.500000 0.260000 0.740000 0.500000 0.740000 0.740000 0.500000 
0.500000 0.500000 0.500000 
0.000000 0.500000 0.500000 0.500000 0.000000 0.500000 0.500000 0.500000 0.000000 
#sphere_radius
0.100000 
0.100000 0.100000 0.100000 0.100000 0.100000 0.100000 0.100000 0.100000 0.100000 0.100000 0.100000 0.100000 0.100000 0.100000 0.100000 0.100000 0.100000 0.100000 0.100000 0.100000 0.100000 0.100000 0.100000 0.100000 0.100000 0.100000 0.100000 
0.100000 
0.100000 0.100000 0.100000 
#cylinder_num
0
0
0
0
#cylinder_top_centers
#cylinder_bot_centers
#cylinder_radius
