#data_name
No220_BCC_Li
#material_num
1
#lattice_type
body_centered_cubic
#lattice_constant
5.271600 0.0 0.0 0.0 0.0 0.0 
#sphere_num
8
#sphere_centers
0.098000 0.098000 0.098000 0.500000 0.000000 0.402000 0.000000 0.402000 0.500000 0.402000 0.500000 0.000000 0.598000 0.598000 0.598000 0.500000 0.000000 0.902000 0.902000 0.500000 0.000000 0.000000 0.902000 0.500000 
#sphere_radius
0.100000 0.100000 0.100000 0.100000 0.100000 0.100000 0.100000 0.100000 
#cylinder_num
0
#cylinder_top_centers
#cylinder_bot_centers
#cylinder_radius
