#data_name
No227_FCC_DiamondStructure
#material_num
1
#lattice_type
face_centered_cubic
#lattice_constant
1.000000 0.0 0.0 0.0 0.0 0.0 
#sphere_num
2
#sphere_centers
0.000000 0.000000 0.000000 0.250000 0.250000 0.250000 
#sphere_radius
0.100000 0.100000 
#cylinder_num
4
#cylinder_top_centers
0.250000 0.250000 0.250000 0.250000 0.250000 0.250000 0.250000 0.250000 0.250000 0.250000 0.250000 0.250000 
#cylinder_bot_centers
0.000000 0.000000 0.000000 1.000000 0.000000 0.000000 0.000000 1.000000 0.000000 0.000000 0.000000 1.000000 
#cylinder_radius
0.100000 0.100000 0.100000 0.100000 
