#data_name
No229_BCC_Sb2Tl7
#material_num
4
#lattice_type
body_centered_cubic
#lattice_constant
11.618000 0.0 0.0 0.0 0.0 0.0 
#sphere_num
1
6
8
12
#sphere_centers
0.000000 0.000000 0.000000 
0.000000 0.686200 0.686200 0.686200 0.000000 0.686200 0.686200 0.686200 0.000000 0.000000 0.313800 0.313800 0.313800 0.000000 0.313800 0.313800 0.313800 0.000000 
0.340800 0.340800 0.340800 0.000000 0.000000 0.659200 0.000000 0.659200 0.000000 0.659200 0.000000 0.000000 0.000000 0.000000 0.340800 0.659200 0.659200 0.659200 0.000000 0.340800 0.000000 0.340800 0.000000 0.000000 
0.300600 0.650300 0.650300 0.000000 0.650300 0.349700 0.000000 0.349700 0.650300 0.699400 0.349700 0.349700 0.650300 0.300600 0.650300 0.349700 0.000000 0.650300 0.650300 0.000000 0.349700 0.349700 0.699400 0.349700 0.650300 0.650300 -0.699400 0.650300 0.349700 0.000000 0.349700 0.650300 0.000000 0.349700 0.349700 0.699400 
#sphere_radius
0.100000 
0.100000 0.100000 0.100000 0.100000 0.100000 0.100000 
0.100000 0.100000 0.100000 0.100000 0.100000 0.100000 0.100000 0.100000 
0.100000 0.100000 0.100000 0.100000 0.100000 0.100000 0.100000 0.100000 0.100000 0.100000 0.100000 0.100000 
#cylinder_num
0
0
0
0
#cylinder_top_centers
#cylinder_bot_centers
#cylinder_radius
