#data_name
No227_FCC_C
#material_num
1
#lattice_type
face_centered_cubic
#lattice_constant
3.550000 0.0 0.0 0.0 0.0 0.0 
#sphere_num
2
#sphere_centers
0.125000 0.125000 0.125000 0.875000 0.875000 0.875000 
#sphere_radius
0.100000 0.100000 
#cylinder_num
6
#cylinder_top_centers
-0.125000 0.875000 0.875000 0.875000 0.875000 -0.125000 0.875000 0.875000 -0.125000 0.875000 -0.125000 0.875000 0.875000 -0.125000 0.875000 -0.125000 0.875000 0.875000 
#cylinder_bot_centers
0.125000 1.125000 0.125000 0.125000 1.125000 0.125000 1.125000 0.125000 0.125000 1.125000 0.125000 0.125000 0.125000 0.125000 1.125000 0.125000 0.125000 1.125000 
#cylinder_radius
0.100000 0.100000 0.100000 0.100000 0.100000 0.100000 
