#data_name
No225_FCC_BiF3
#material_num
2
#lattice_type
face_centered_cubic
#lattice_constant
5.853000 0.0 0.0 0.0 0.0 0.0 
#sphere_num
1
3
#sphere_centers
0.000000 0.000000 0.000000 
0.500000 0.500000 0.500000 0.250000 0.250000 0.250000 0.750000 0.750000 0.750000 
#sphere_radius
0.100000 
0.100000 0.100000 0.100000 
#cylinder_num
8
8
#cylinder_top_centers
0.125000 0.125000 0.125000 0.625000 0.125000 0.125000 0.125000 0.625000 0.125000 0.125000 0.125000 0.625000 0.875000 0.875000 0.875000 0.375000 0.875000 0.875000 0.875000 0.375000 0.875000 0.875000 0.875000 0.375000 
0.125000 0.125000 0.125000 0.625000 0.125000 0.125000 0.125000 0.625000 0.125000 0.125000 0.125000 0.625000 0.875000 0.875000 0.875000 0.375000 0.875000 0.875000 0.875000 0.375000 0.875000 0.875000 0.875000 0.375000 
#cylinder_bot_centers
0.000000 0.000000 0.000000 1.000000 0.000000 0.000000 0.000000 1.000000 0.000000 0.000000 0.000000 1.000000 1.000000 1.000000 1.000000 0.000000 1.000000 1.000000 1.000000 0.000000 1.000000 1.000000 1.000000 0.000000 
0.250000 0.250000 0.250000 0.250000 0.250000 0.250000 0.250000 0.250000 0.250000 0.250000 0.250000 0.250000 0.750000 0.750000 0.750000 0.750000 0.750000 0.750000 0.750000 0.750000 0.750000 0.750000 0.750000 0.750000 
#cylinder_radius
0.100000 0.100000 0.100000 0.100000 0.100000 0.100000 0.100000 0.100000 
0.100000 0.100000 0.100000 0.100000 0.100000 0.100000 0.100000 0.100000 
