#data_name
No225_FCC_Ca7Ge
#material_num
2
#lattice_type
face_centered_cubic
#lattice_constant
9.450000 0.0 0.0 0.0 0.0 0.0 
#sphere_num
1
7
#sphere_centers
0.000000 0.000000 0.000000 
0.500000 0.500000 0.500000 0.500000 0.000000 0.000000 0.000000 0.500000 0.500000 0.000000 0.500000 0.000000 0.500000 0.000000 0.500000 0.000000 0.000000 0.500000 0.500000 0.500000 0.000000 
#sphere_radius
0.100000 
0.100000 0.100000 0.100000 0.100000 0.100000 0.100000 0.100000 
#cylinder_num
0
0
#cylinder_top_centers
#cylinder_bot_centers
#cylinder_radius
