#data_name
No221_SC_NbO
#material_num
2
#lattice_type
simple_cubic
#lattice_constant
4.210100 0.0 0.0 0.0 0.0 0.0 
#sphere_num
3
3
#sphere_centers
0.000000 0.500000 0.500000 0.500000 0.000000 0.500000 0.500000 0.500000 0.000000 
0.500000 0.000000 0.000000 0.000000 0.500000 0.000000 0.000000 0.000000 0.500000 
#sphere_radius
0.100000 0.100000 0.100000 
0.100000 0.100000 0.100000 
#cylinder_num
12
12
#cylinder_top_centers
0.000000 0.500000 0.250000 0.000000 0.250000 0.500000 0.000000 0.750000 0.500000 0.000000 0.500000 0.750000 0.500000 0.000000 0.250000 0.250000 0.000000 0.500000 0.750000 0.000000 0.500000 0.500000 0.000000 0.750000 0.500000 0.250000 0.000000 0.250000 0.500000 0.000000 0.500000 0.750000 0.000000 0.750000 0.500000 0.000000 
0.000000 0.500000 0.250000 0.000000 0.250000 0.500000 0.000000 0.750000 0.500000 0.000000 0.500000 0.750000 0.500000 0.000000 0.250000 0.250000 0.000000 0.500000 0.750000 0.000000 0.500000 0.500000 0.000000 0.750000 0.500000 0.250000 0.000000 0.250000 0.500000 0.000000 0.500000 0.750000 0.000000 0.750000 0.500000 0.000000 
#cylinder_bot_centers
0.000000 0.500000 0.500000 0.000000 0.500000 0.500000 0.000000 0.500000 0.500000 0.000000 0.500000 0.500000 0.500000 0.000000 0.500000 0.500000 0.000000 0.500000 0.500000 0.000000 0.500000 0.500000 0.000000 0.500000 0.500000 0.500000 0.000000 0.500000 0.500000 0.000000 0.500000 0.500000 0.000000 0.500000 0.500000 0.000000 
0.000000 0.500000 0.000000 0.000000 0.000000 0.500000 0.000000 1.000000 0.500000 0.000000 0.500000 1.000000 0.500000 0.000000 0.000000 0.000000 0.000000 0.500000 1.000000 0.000000 0.500000 0.500000 0.000000 1.000000 0.500000 0.000000 0.000000 0.000000 0.500000 0.000000 0.500000 1.000000 0.000000 1.000000 0.500000 0.000000 
#cylinder_radius
0.100000 0.100000 0.100000 0.100000 0.100000 0.100000 0.100000 0.100000 0.100000 0.100000 0.100000 0.100000 
0.100000 0.100000 0.100000 0.100000 0.100000 0.100000 0.100000 0.100000 0.100000 0.100000 0.100000 0.100000 
