#data_name
No221_SC_CaTiO3
#material_num
3
#lattice_type
simple_cubic
#lattice_constant
3.795000 0.0 0.0 0.0 0.0 0.0 
#sphere_num
1
1
3
#sphere_centers
0.000000 0.000000 0.000000 
0.500000 0.500000 0.500000 
0.000000 0.500000 0.500000 0.500000 0.000000 0.500000 0.500000 0.500000 0.000000 
#sphere_radius
0.100000 
0.100000 
0.100000 0.100000 0.100000 
#cylinder_num
0
6
6
#cylinder_top_centers
0.250000 0.500000 0.500000 0.500000 0.250000 0.500000 0.500000 0.500000 0.250000 0.750000 0.500000 0.500000 0.500000 0.750000 0.500000 0.500000 0.500000 0.750000 
0.250000 0.500000 0.500000 0.500000 0.250000 0.500000 0.500000 0.500000 0.250000 0.750000 0.500000 0.500000 0.500000 0.750000 0.500000 0.500000 0.500000 0.750000 
#cylinder_bot_centers
0.500000 0.500000 0.500000 0.500000 0.500000 0.500000 0.500000 0.500000 0.500000 0.500000 0.500000 0.500000 0.500000 0.500000 0.500000 0.500000 0.500000 0.500000 
0.000000 0.500000 0.500000 0.500000 0.000000 0.500000 0.500000 0.500000 0.000000 1.000000 0.500000 0.500000 0.500000 1.000000 0.500000 0.500000 0.500000 1.000000 
#cylinder_radius
0.100000 0.100000 0.100000 0.100000 0.100000 0.100000 
0.100000 0.100000 0.100000 0.100000 0.100000 0.100000 
