#data_name
No225_FCC_Cr9Fe16Ni7
#material_num
3
#lattice_type
face_centered_cubic
#lattice_constant
11.480000 0.0 0.0 0.0 0.0 0.0 
#sphere_num
9
16
7
#sphere_centers
0.000000 0.000000 0.000000 0.250000 0.250000 0.250000 0.750000 0.750000 0.750000 0.500000 0.000000 0.000000 0.000000 0.500000 0.500000 0.000000 0.500000 0.000000 0.500000 0.000000 0.500000 0.000000 0.000000 0.500000 0.500000 0.500000 0.000000 
0.875000 0.875000 0.875000 0.875000 0.875000 0.375000 0.875000 0.375000 0.875000 0.375000 0.875000 0.875000 0.125000 0.125000 0.625000 0.125000 0.125000 0.125000 0.125000 0.625000 0.125000 0.625000 0.125000 0.125000 0.625000 0.625000 0.625000 0.625000 0.625000 0.125000 0.625000 0.125000 0.625000 0.125000 0.625000 0.625000 0.375000 0.375000 0.875000 0.375000 0.375000 0.375000 0.375000 0.875000 0.375000 0.875000 0.375000 0.375000 
0.500000 0.500000 0.500000 0.750000 0.250000 0.250000 0.250000 0.750000 0.250000 0.250000 0.250000 0.750000 0.250000 0.750000 0.750000 0.750000 0.250000 0.750000 0.750000 0.750000 0.250000 
#sphere_radius
0.100000 0.100000 0.100000 0.100000 0.100000 0.100000 0.100000 0.100000 0.100000 
0.100000 0.100000 0.100000 0.100000 0.100000 0.100000 0.100000 0.100000 0.100000 0.100000 0.100000 0.100000 0.100000 0.100000 0.100000 0.100000 
0.100000 0.100000 0.100000 0.100000 0.100000 0.100000 0.100000 
#cylinder_num
0
0
0
#cylinder_top_centers
#cylinder_bot_centers
#cylinder_radius
