#data_name
No230_BCC_Ga4Ni3
#material_num
2
#lattice_type
body_centered_cubic
#lattice_constant
11.411000 0.0 0.0 0.0 0.0 0.0 
#sphere_num
32
24
#sphere_centers
0.000000 0.000000 0.000000 0.500000 0.000000 0.500000 0.000000 0.500000 0.500000 0.500000 0.500000 0.000000 0.500000 0.000000 0.000000 0.500000 0.500000 0.500000 0.000000 0.000000 0.500000 0.000000 0.500000 0.000000 0.250000 0.250000 0.000000 0.750000 0.250000 0.500000 0.000000 0.250000 0.250000 0.500000 0.750000 0.250000 0.250000 0.000000 0.250000 0.250000 0.500000 0.750000 0.250000 0.750000 0.000000 0.250000 0.250000 0.500000 0.750000 0.000000 0.250000 0.250000 0.500000 0.250000 0.500000 0.250000 0.250000 0.000000 0.250000 0.750000 0.750000 0.750000 -0.000000 0.250000 0.750000 0.500000 -0.000000 0.750000 0.750000 0.500000 0.250000 0.750000 0.750000 -0.000000 0.750000 0.750000 0.500000 0.250000 0.750000 0.250000 -0.000000 0.750000 0.750000 0.500000 0.250000 -0.000000 0.750000 0.750000 0.500000 0.750000 0.500000 0.750000 0.750000 -0.000000 0.750000 0.250000 
0.250000 0.750000 0.750000 0.500000 0.500000 0.750000 0.000000 0.750000 0.000000 0.250000 0.000000 0.500000 0.750000 0.250000 0.750000 0.750000 0.500000 0.500000 0.000000 0.000000 0.750000 0.500000 0.250000 0.000000 0.750000 0.750000 0.250000 0.500000 0.750000 0.500000 0.750000 0.000000 0.000000 0.000000 0.500000 0.250000 0.750000 0.250000 0.250000 0.500000 0.500000 0.250000 0.000000 0.250000 0.000000 0.750000 0.000000 0.500000 0.250000 0.750000 0.250000 0.250000 0.500000 0.500000 0.000000 0.000000 0.250000 0.500000 0.750000 0.000000 0.250000 0.250000 0.750000 0.500000 0.250000 0.500000 0.250000 0.000000 0.000000 0.000000 0.500000 0.750000 
#sphere_radius
0.100000 0.100000 0.100000 0.100000 0.100000 0.100000 0.100000 0.100000 0.100000 0.100000 0.100000 0.100000 0.100000 0.100000 0.100000 0.100000 0.100000 0.100000 0.100000 0.100000 0.100000 0.100000 0.100000 0.100000 0.100000 0.100000 0.100000 0.100000 0.100000 0.100000 0.100000 0.100000 
0.100000 0.100000 0.100000 0.100000 0.100000 0.100000 0.100000 0.100000 0.100000 0.100000 0.100000 0.100000 0.100000 0.100000 0.100000 0.100000 0.100000 0.100000 0.100000 0.100000 0.100000 0.100000 0.100000 0.100000 
#cylinder_num
0
0
#cylinder_top_centers
#cylinder_bot_centers
#cylinder_radius
